             [4.24174579966, 5.9275850099, -0.19497231964, 0.980813731934],
            [5.00877319547, 8.56672191494, -0.214313240122, 0.976764984583],
            [6.18792281738, 11.3371189931, -0.0556146641561, 0.998452306888],


            #2.69 251
            #3.42 center


            [2.96538325491, 7.94199695986, 0.97868019278, 0.205362303431], 
            [2.6913842369, 6.60425578304, 0.991525816104, 0.129909799471],
            [3.42265447927, 1.09429176934, -0.491279655277, 0.871001894551]